------ 4 PLAYERS ------

SCENARIO 1:

Player1: 
41,2763662  1,9891155
41,2764831	1,9890632
41,2764156	1,9886917
41,2762886	1,9887453

Player 2:
41,2764831	1,9890632
41,2764156	1,9886917
41,2765134	1,9886555
41,2765769	1,9890149

Player 3:
41,2764156	1,9886917
41,2762886	1,9887453
41,2762029	1,9883443
41,2763350	1,9882773

Player 4:
41,2765134	1,9886555
41,2764156	1,9886917
41,2763350	1,9882773
41,2764307	1,9882330

SCENARIO 2:

Player1:
41,2763702	1,9891101
41,2765748	1,9890122
41,2765416	1,9888271
41,2763319	1,9889250

Player 2:
41,2765416	1,9888271
41,2763319	1,9889250
41,2762967	1,9887520
41,2765083	1,9886461

Player 3:
41,2762967	1,9887520
41,2765083	1,9886461
41,2764720	1,9884396
41,2762443	1,9885428

Player 4:
41,2764720	1,9884396
41,2762443	1,9885428
41,2762049	1,9883497
41,2764327	1,9882303

SCENARIO 3:

Player 1:
41,2765759	1,9890162
41,2765043	1,9890457
41,2764761	1,9888848
41,2765466	1,9888526

41,2764821	1,9885053
41,2763309	1,9885804
41,2763088	1,9884530
41,2764095	1,9884034
41,2763793	1,9882572
41,2764307	1,9882397

Player 2:
41,2765043	1,9890457
41,2764851	1,9889331
41,2763450	1,9889881
41,2763692	1,9891061

41,2765083	1,9886340
41,2762886	1,9887225
41,2762594	1,9886085
41,2764821	1,9885053

Player 3:
41,2764851	1,9889331
41,2764761	1,9888848
41,2765466	1,9888526
41,2765083	1,9886340
41,2763803	1,9886823
41,2764358	1,9889532

41,2762594	1,9886085
41,2763309	1,9885804
41,2763088	1,9884530
41,2762362	1,9884959

Player 4:
41,2763450	1,9889881
41,2764358	1,9889532
41,2763803	1,9886823
41,2762886	1,9887225

41,2762362	1,9884959
41,2764095	1,9884034
41,2763793	1,9882572
41,2762039	1,9883457

------ 3 PLAYERS ------

SCENARIO 1:

Player 1:
41,2763672	1,9891101
41,2764771	1,9890578
41,2764095	1,9886796
41,2762916	1,9887426

Player 2:
41,2764771	1,9890578
41,2764095	1,9886796
41,2765063	1,9886434
41,2765738	1,9890122

Player 3:
41,2765063	1,9886434
41,2764317	1,9882384
41,2762150	1,9883484
41,2762916	1,9887426

SCENARIO 2:

Player 1:
41,2763692	1,9891074
41,2765738	1,9890109
41,2765295	1,9887695
41,2763219	1,9888781

Player 2:
41,2765295	1,9887695
41,2763219	1,9888781
41,2762644	1,9886193
41,2764831	1,9885173

Player 3:
41,2762644	1,9886193
41,2764831	1,9885173
41,2764307	1,9882411
41,2762130	1,9883457

SCENARIO 3:

Player 1:
41,2763702	1,9891074
41,2764539	1,9890685
41,2764035	1,9888285
41,2763198	1,9888647

41,2762735	1,9886702
41,2763985	1,9886327
41,2763642	1,9884530
41,2763118	1,9884771
41,2762725	1,9883081
41,2762090	1,9883470


Player 2:
41,2765738	1,9890149
41,2765063	1,9890444
41,2764569	1,9888124
41,2765325	1,9887775

41,2764962	1,9885817
41,2763985	1,9886327
41,2763642	1,9884530
41,2764156	1,9884302
41,2763813	1,9882545
41,2764297	1,9882344

Player 3:
41,2765063	1,9890444
41,2764539	1,9890685
41,2764035	1,9888285
41,2763198	1,9888647
41,2762735	1,9886702
41,2764962	1,9885817
41,2765325	1,9887775
41,2764569	1,9888124

41,2764156	1,9884302
41,2763813	1,9882545
41,2762725	1,9883081
41,2763118	1,9884771

------ 2 PLAYERS ------

SCENARIO 1:

Player 1:
41,2763662  1,9891155
41,2764831	1,9890632
41,2764156	1,9886917
41,2762886	1,9887453

41,2765134	1,9886555
41,2764156	1,9886917
41,2763350	1,9882773
41,2764307	1,9882330

Player 2:
41,2764831	1,9890632
41,2764156	1,9886917
41,2765134	1,9886555
41,2765769	1,9890149

41,2764156	1,9886917
41,2762886	1,9887453
41,2762029	1,9883443
41,2763350	1,9882773

SCENARIO 2:

Player 1:
41,2763733	1,9890994
41,2765728	1,9890122
41,2765043	1,9886300
41,2762906	1,9887400

Player 2:

41,2765043	1,9886300
41,2762906	1,9887400
41,2762150	1,9883537
41,2764277	1,9882411

SCENARIO 3:

Player 1:
41,2763712	1,9891047
41,2765043	1,9890390
41,2764630	1,9888379
41,2763340	1,9889022

41,2765335	1,9888043
41,2764801	1,9884959
41,2762574	1,9885844
41,2762896	1,9887145
41,2764267	1,9886555
41,2764630	1,9888379

41,2763702	1,9882679
41,2764035	1,9884114
41,2763098	1,9884516
41,2762735	1,9883135

Player 2:
41,2765043	1,9890390
41,2764630	1,9888379
41,2765335	1,9888043
41,2765708	1,9890109

41,2764630	1,9888379
41,2763340	1,9889022
41,2762896	1,9887145
41,2764267	1,9886555

41,2764801	1,9884959
41,2762574	1,9885844
41,2762080	1,9883510
41,2762735	1,9883135
41,2763098	1,9884516
41,2764035	1,9884114
41,2763702	1,9882679
41,2764287	1,9882330


