SCENARIO 1:

Player1: 
41,2763662  1,9891155
41,2764831	1,9890632
41,2764156	1,9886917
41,2762886	1,9887453

Player 2:
41,2764831	1,9890632
41,2764156	1,9886917
41,2765134	1,9886555
41,2765769	1,9890149

Player 3:
41,2764156	1,9886917
41,2762886	1,9887453
41,2762029	1,9883443
41,2763350	1,9882773

Player 4:
41,2765134	1,9886555
41,2764156	1,9886917
41,2763350	1,9882773
41,2764307	1,9882330

SCENARIO 2:

Player1:
41,2763702	1,9891101
41,2765748	1,9890122
41,2765416	1,9888271
41,2763319	1,9889250

Player 2:
41,2765416	1,9888271
41,2763319	1,9889250
41,2762967	1,9887520
41,2765083	1,9886461

Player 3:
41,2762967	1,9887520
41,2765083	1,9886461
41,2764720	1,9884396
41,2762443	1,9885428

Player 4:
41,2764720	1,9884396
41,2762443	1,9885428
41,2762049	1,9883497
41,2764327	1,9882303

SCENARIO 3:

Player 1:
41,2765759	1,9890162
41,2765043	1,9890457
41,2764761	1,9888848
41,2765466	1,9888526

41,2764821	1,9885053
41,2763309	1,9885804
41,2763088	1,9884530
41,2764095	1,9884034
41,2763793	1,9882572
41,2764307	1,9882397

Player 2:
41,2765043	1,9890457
41,2764851	1,9889331
41,2763450	1,9889881
41,2763692	1,9891061

41,2765083	1,9886340
41,2762886	1,9887225
41,2762594	1,9886085
41,2764821	1,9885053

Player 3:
41,2764851	1,9889331
41,2764761	1,9888848
41,2765466	1,9888526
41,2765083	1,9886340
41,2763803	1,9886823
41,2764358	1,9889532

41,2762594	1,9886085
41,2763309	1,9885804
41,2763088	1,9884530
41,2762362	1,9884959

Player 4:
41,2763450	1,9889881
41,2764358	1,9889532
41,2763803	1,9886823
41,2762886	1,9887225

41,2762362	1,9884959
41,2764095	1,9884034
41,2763793	1,9882572
41,2762039	1,9883457